14 11111111101111161 cnecovmiisis.

61611111 1116611· 16111 61 ooo 1111111111 mondo· oeque io 61116 ineo:
Residuum 11116 111111 1161661 Deo soii est cognitum.
Colligitur omne 1116661 111 exordio mundi usquein 1666 61-

11616 gloriosi 1116116111111 6111161611, qui 111 1111196, 1111115856.

m

1111111. 730. 11161 presbiter 61111.
731. 11616161 81161116 111111.
735. 11116161 1711166116 1611111.
741. 11116161 11611161.
744. inicium 86161611116611111.
746. 11116161616661Α11111161116 ingreditur.
71811116161616661 11616161 6116111661611161.
7511. 11161661 iubente Zacharia 6161 611 unctionem 116611 Boni·
11611 1 111661 1111661111161.
711. 8661116161 martirizatur 11 11611161 111111111161111.
755. organum primum in Freneiem 161111.
756 Ρ161661 111 8116111111 1661661161. ·
757. 11611161 111 wasconiam iniret.
766. 861111 11111 16611 8116611.
768. 1161161111 obiit.
771. 11116161616611 111, 111111111611,61111
772. 11116161111 Saxonis 1111116111 expugnet.
773. 11116161 16111111611611.
7711711111 11611 1111 irenei· 1111116161 11611111 61111611.
778. 11116161166111 Saxones 66661111.
779. lien] 1111616116 8111661116 11611.
781. 811661111611 111.
7831 Κ1161111116111111 11611, ibique 1116661161 11161161 1161111116-
11111111111111’.1.111.111ῐ“1.’.11111111,..1..1.
787, 11116111 6111116111116 66111611 16 11661 11111111.
788. Τ1111611611111 Frnnoiem 11 Baiano 11611 611.
789. 1111616161111611 16 8111161 11 qui 61166161 171111111651611.
790. 1111616111 Pannoniam 11611.
792. 111161611666616 Η66661611 111111
794. 1161111611 regine 611111.
861. 11116161 1 Romanis ouguoiue 1661111161 111.
807. in 116661616161611 11111661 1661111611 magna 1611.
818. 6661 16611 1166666116 11111. 1111161161 archiepiscopus obiit.
Oitegorins 161111111.
811. 11116161 imperator 611111. 16611161 succeseit.
' 816. 111161661 111, 61616661 monaehi 66116111 61111 Benedicti cen-
1111111.
810. 16611661 166111111611111.
841111111111611.
84316611116161611111.

 

